0.49366233616923433	0.3655850078681881	0.40087980444498733
0.918546282103193	0.04283679430819065	0.07281242769551134
0.6707490847267786	0.8258527551050476	0.13670658968495297
0.57509332942725	0.891321954312264	0.20920212211718958
0.06343511440746426	0.13752455014540754	0.29332280222554324
0.9786237847073697	0.8116831490893233	0.1719410127325942
0.7666492702165063	0.44890238519306686	0.42897429373303725
0.8933395127118644	0.6370229472056802	0.5405608203542526
0.2755000966370313	0.09588507441051411	0.12285737582141476
0.25242635344484043	0.7956625084732873	0.01525497124633901
0.7101752250837521	0.25100109924623115	0.30095464300670016
0.24377784943714823	0.3982733348968105	0.7408199460600375
0.9809208570123115	0.05994198881803725	0.8905459447285041
0.6810777779693751	0.6740058973651538	0.7868975462132708
0.5402906635477993	0.1278500183978133	0.12020726012755817
